0.7359153032302856
0.7187234237790108
0.7205348238348961
0.7006751820445061
0.6771871596574783
0.6855426952242851
0.6473576724529266
0.6494555473327637
0.6476615518331528
0.6413611546158791
0.6401354148983955
0.6409088000655174
0.6392044946551323
0.6461393386125565
0.6074389144778252
0.597861759364605
0.6440945863723755
0.6270211637020111
0.6210572272539139
0.6018233224749565
0.7076759189367294
0.5342975351959467
0.48372698575258255
0.4264265764504671
0.4711421821266413
0.46684020571410656
0.4107116311788559
0.39349805749952793
0.35117815621197224
0.33455668203532696
0.39556501898914576
0.31440991535782814
0.3347709299996495
0.3152825217694044
0.2901895521208644
0.28597550885751843
0.28094566706568
0.3221085756085813
0.28681978583335876
0.31323281582444906
0.2929612584412098
0.29880308732390404
0.2408233331516385
0.27689946722239256
0.24465638119727373
0.2776056192815304
0.2843557093292475
0.2596177337691188
0.2813488943502307
0.2360829245299101
0.21174776973202825
0.23615311086177826
0.2882493697106838
0.26423851028084755
0.2458639843389392
0.22793823713436723
0.22583376104012132
0.24964562989771366
0.23870369186624885
0.24198719253763556
0.23704204941168427
0.23697643168270588
0.2389004100114107
0.21460118051618338
0.2643413254991174
0.23286293353885412
0.22489504516124725
0.2006980450823903
0.19897913839668036
0.21076818089932203
0.22575692785903811
0.17885509599000216
0.1690321364440024
0.1933194729499519
0.19529082253575325
0.20042583090253174
0.24926292523741722
0.19986922526732087
0.21214761771261692
0.19078857684507966
0.1805754150263965
0.19667132711037993
0.19715213822200894
0.20233383658342063
0.19411746598780155
0.1775588123127818
0.2214302709326148
0.24325860105454922
0.22679301537573338
0.18007940938696265
0.20987375220283866
0.18125265929847956
0.19171481439843774
0.16230805194936693
0.20323588931933045
0.1614213064312935
0.1609164795372635
0.145414529601112
0.18386305030435324
0.1795643582008779
