0.7234839871525764
0.7299583703279495
0.7276263982057571
0.6975140944123268
0.6821169480681419
0.6971587017178535
0.6681950017809868
0.6563993245363235
0.6385404542088509
0.6441192924976349
0.6307920143008232
0.6403048411011696
0.6434913128614426
0.6163589358329773
0.62751055508852
0.6112267673015594
0.6254585459828377
0.601996511220932
0.6041219159960747
0.613248698413372
0.5765759572386742
0.5159555617719889
0.52578398399055
0.44851740822196007
0.44349844567477703
0.4189486429095268
0.3933540526777506
0.3915113899856806
0.4064853619784117
0.3676224462687969
0.3599023940041661
0.3719234587624669
0.2921385932713747
0.3831397211179137
0.318532956764102
0.3547376487404108
0.30595840886235237
0.33249816950410604
0.3019303036853671
0.2804876435548067
0.2854481041431427
0.3075552638620138
0.29205652698874474
0.3178583877161145
0.2748305220156908
0.23350357543677092
0.24294791324064136
0.2423536623828113
0.3164301039651036
0.29433853179216385
0.27369541861116886
0.3046270916238427
0.2423462364822626
0.24908944545313716
0.25783745013177395
0.24978496134281158
0.22563312156125903
0.2186343390494585
0.22836933098733425
0.23698126897215843
0.20008914964273572
0.24610585719347
0.1850903546437621
0.32080196775496006
0.22205493552610278
0.20254343189299107
0.2014063410460949
0.21130759594962
0.2268840349279344
0.2112470199353993
0.2189614069648087
0.1984115717932582
0.213215843308717
0.22711717477068305
0.1657991271931678
0.21699286065995693
0.1574429040774703
0.18194058118388057
0.21272241324186325
0.19212110759690404
0.189310553483665
0.25774471182376146
0.1976709463633597
0.22741596587002277
0.21041516540572047
0.18132646987214684
0.19597704848274589
0.1711128423921764
0.1914791378658265
0.18042302830144763
0.18886079685762525
0.18407566705718637
0.18633294524624944
0.2170274960808456
0.1827738811261952
0.18649681191891432
0.17542659677565098
0.18138123815879226
0.22676762752234936
0.18428540509194136
