0.7413778677582741
0.720757395029068
0.7268125340342522
0.7064564451575279
0.6963023319840431
0.6600752249360085
0.6529092937707901
0.643403023481369
0.6507564783096313
0.6292477995157242
0.6443862095475197
0.6256821900606155
0.6424221694469452
0.6318753361701965
0.6366764605045319
0.6186492368578911
0.6133261397480965
0.6139083504676819
0.6168059259653091
0.6047232821583748
0.6674448922276497
0.5122150722891092
0.4549848698079586
0.46717569231987
0.42760984785854816
0.42873977217823267
0.41636302694678307
0.3270602524280548
0.35825211089104414
0.45688941422849894
0.3525651767849922
0.3248588303104043
0.35080202855169773
0.31585336569696665
0.3048221319913864
0.33280750922858715
0.3159899590536952
0.297926283441484
0.3118175957351923
0.2702332059852779
0.28632840141654015
0.2766467398032546
0.2824975452385843
0.28251088690012693
0.30006145779043436
0.2573511991649866
0.23564646299928427
0.2883946867659688
0.24422364495694637
0.2516781250014901
0.23103277711197734
0.26084068696945906
0.233635064214468
0.25716062542051077
0.24248039396479726
0.23576286481693387
0.248439428396523
0.2657004955690354
0.19238369073718786
0.20963757950812578
0.24644131306558847
0.25393158197402954
0.19145316444337368
0.22817745292559266
0.2180247693322599
0.20121673727408051
0.16731478925794363
0.25197426276281476
0.21766062313690782
0.2583825830370188
0.19368828693404794
0.22040899749845266
0.18313115229830146
0.24937095073983073
0.22077177138999104
0.1954158921726048
0.2165462109260261
0.17108678398653865
0.20316890091635287
0.16498838970437646
0.2185229118913412
0.23022438678890467
0.2480237940326333
0.18364706682041287
0.19325262308120728
0.19747776072472334
0.2061097677797079
0.19150488823652267
0.17360754334367812
0.18178414087742567
0.15647666133008897
0.19214634038507938
0.19253040524199605
0.24100422021001577
0.20378710655495524
0.17655637068673968
0.16162984678521752
0.16544346045702696
0.17995671834796667
0.15837345412001014
